netcdf sgpswatsE20.b1.20051122.170700
data:
base_time: 1132679220 ;
time_offset: 0 ;
depth: 5, 15, 25, 35, 60, 85, 125 ;
tsoil_W: 10.354, 11.296, 12.487, 13.815, 14.493, 16.247, -0.004 ;
qc_tsoil_W: 0, 0, 0, 0, 0, 0, 0 ;
watcont_W: 0.2804038, 0.2775674, 0.278882, 0.2963502, 0.2963651, 0.3793965, 0.3858351 ;
qc_watcont_W: 0, 0, 0, 0, 0, 0, 0 ;
lat: 0 ;
lon: 0 ;
alt: 0 ;
}
