netcdf sgpswatsE19.b1.20060711.000700
data:
base_time: 1152576420 ;
time_offset: 0 ;
depth: 5, 15, 25, 35, 60, 85, 125, 175 ;
tsoil_W: -9999, 25.071, 24.198, 23.022, 21.881, 20.992, 19.734, 18.605 ;
qc_tsoil_W: 1, 0, 0, 0, 0, 0, 0, 0 ;
watcont_W: -9999, 0.2571336, 0.2531792, 0.2504589, 0.2563658, 0.2585399, 0.3741044, 0.2701617 ;
qc_watcont_W: 1, 0, 0, 0, 0, 0, 0, 0 ;
lat: 35.557 ;
lon: -98.017 ;
alt: 421 ;
}
