netcdf sgpswatsE20.b1.20080626.230700
data:
base_time: 1214521620 ;
time_offset: 0 ;
depth: 5, 15, 25, 35, 60, 85, 125 ;
tsoil_W: 28.054, 25.756, 24.262, 23.31, 20.076, 21.631, -0.004 ;
qc_tsoil_W: 0, 0, 0, 0, 0, 0, 0 ;
watcont_W: 0.247, 0.2470012, 0.2470692, 0.2393744, 0.2397579, 0.3795212, -9999 ;
qc_watcont_W: 16, 16, 16, 16, 16, 16, 17 ;
lat: 35.564 ;
lon: -96.988 ;
alt: 309 ;
}
