netcdf sgpswatsE19.b1.20051122.180700
data:
base_time: 1132682820 ;
time_offset: 0 ;
depth: 5, 15, 25, 35, 60, 85, 125, 175 ;
tsoil_W: -9999, 9.2707, 9.8358, 11.333, 13.037, 14.444, 15.795, 16.702 ;
qc_tsoil_W: 1, 0, 0, 0, 0, 0, 0, 0 ;
watcont_W: -9999, 0.2914804, 0.28863, 0.2783085, 0.2655326, 0.2676974, 0.3747836, 0.3008531 ;
qc_watcont_W: 1, 0, 0, 0, 0, 0, 0, 0 ;
lat: 35.557 ;
lon: -98.017 ;
alt: 421 ;
}
