netcdf sgpswatsE10.b1.20071225.000700
data:
base_time: 1198541220 ;
time_offset: 0 ;
depth: 5, 15, 25, 35, 50 ;
tsoil_W: 3.3117, -9999, 4.4781, 5.323, 6.3729 ;
qc_tsoil_W: 0, 1, 0, 0, 0 ;
watcont_W: 0.3442747, -9999, 0.3449587, 0.3432595, 0.3185119 ;
qc_watcont_W: 0, 1, 0, 0, 0 ;
lat: 37.068 ;
lon: -95.788 ;
alt: 248 ;
}
