netcdf sgpswatsE16.b1.20080527.000700
data:
base_time: 1211846820 ;
time_offset: 0 ;
depth: 5, 15, 25, 35, 60, 85, 125, 175 ;
tsoil_W: -9999, 20.736, 19.884, 18.89, 17.53, 16.272, 14.989, 14.129 ;
qc_tsoil_W: 1, 0, 0, 0, 0, 0, 0, 0 ;
watcont_W: -9999, 0.3305596, 0.2403103, 0.2815415, 0.3321027, 0.3150832, 0.3163373, 0.445702 ;
qc_watcont_W: 1, 0, 0, 0, 0, 0, 0, 16 ;
lat: 36.061 ;
lon: -99.134 ;
alt: 602 ;
}
