netcdf sgpswatsE6.b1.20050105.000700
data:
base_time: 1104883620 ;
time_offset: 0 ;
depth: 5, 15, 25, 35, 60, 85, 125, 175 ;
tsoil_W: 2.0622, 3.8836, 5.3961, 6.5075, 7.6049, 8.4324, 9.635, 11.332 ;
qc_tsoil_W: 0, 0, 0, 0, 0, 0, 0, 0 ;
watcont_W: 0.3525522, 0.355418, 0.3599367, 0.4274305, 0.4208526, 0.4186256, 0.4027866, 0.4213086 ;
qc_watcont_W: 0, 0, 0, 0, 0, 0, 0, 0 ;
lat: 37.842 ;
lon: -97.02 ;
alt: 409 ;
}
